Mercury,Venus,Earth,Mars,Jupyter,Saturn,Uranus,Neptune
Mercury,0,0.34,0.61,1.14,4.84,18.82,18.82,29.7
Venus,0.34,0,0.28,0.8,4.48,8.8,18.49,29.37
Earth,0.61,0.28,0,0.52,4.2,8.52,18.21,29.09
Mars,1.14,0.8,0.52,0,3.68,7.99,17.69,28.56
Jupyter,4.84,4.48,4.2,3.68,0,4.32,14.01,24.89
Saturn,18.82,8.8,8.52,7.99,4.32,0,9.7,20.57
Uranus,18.82,18.49,18.21,17.69,14.01,9.7,0,10.88
Neptune,29.7,29.37,29.09,28.56,24.89,20.57,10.88,0